Vbar_TE=0.973266
Vbar_TM=0.979339
Vbar_avg=0.976303
