Vbar_TE=0.996046
Vbar_TM=0.999189
Vbar_avg=0.997618
