Vbar_TE=0.991994
Vbar_TM=0.922575
Vbar_avg=0.957285
