Vbar_TE=0.999947
Vbar_TM=0.999628
Vbar_avg=0.999787
