Vbar_TE=0.994107
Vbar_TM=0.904529
Vbar_avg=0.949318
