Vbar_TE=0.952748
Vbar_TM=0.855393
Vbar_avg=0.904071
