Vbar_TE=0.996037
Vbar_TM=0.984413
Vbar_avg=0.990225
