Vbar_TE=0.817329
Vbar_TM=0.997642
Vbar_avg=0.907486
