Vbar_TE=0.998982
Vbar_TM=0.998440
Vbar_avg=0.998711
