Vbar_TE=0.991520
Vbar_TM=0.855641
Vbar_avg=0.923581
