Vbar_TE=0.893590
Vbar_TM=0.983377
Vbar_avg=0.938483
