Vbar_TE=0.988227
Vbar_TM=0.990117
Vbar_avg=0.989172
