Vbar_TE=0.894720
Vbar_TM=0.991932
Vbar_avg=0.943326
