Vbar_TE=0.993819
Vbar_TM=0.987640
Vbar_avg=0.990730
