Vbar_TE=0.964611
Vbar_TM=0.987016
Vbar_avg=0.975814
