Vbar_TE=0.946035
Vbar_TM=0.982342
Vbar_avg=0.964189
