Vbar_TE=0.999928
Vbar_TM=0.999692
Vbar_avg=0.999810
