Vbar_TE=0.994064
Vbar_TM=0.996401
Vbar_avg=0.995232
