Vbar_TE=0.994545
Vbar_TM=0.998835
Vbar_avg=0.996690
