Vbar_TE=0.851579
Vbar_TM=0.886814
Vbar_avg=0.869197
