Vbar_TE=0.949546
Vbar_TM=0.994571
Vbar_avg=0.972059
