Vbar_TE=0.880290
Vbar_TM=0.994408
Vbar_avg=0.937349
