Vbar_TE=0.998828
Vbar_TM=0.998931
Vbar_avg=0.998879
