Vbar_TE=0.998325
Vbar_TM=0.990505
Vbar_avg=0.994415
