Vbar_TE=0.972783
Vbar_TM=0.921459
Vbar_avg=0.947121
