Vbar_TE=0.833126
Vbar_TM=0.985226
Vbar_avg=0.909176
