Vbar_TE=0.999973
Vbar_TM=0.999695
Vbar_avg=0.999834
