Vbar_TE=0.925435
Vbar_TM=0.563649
Vbar_avg=0.744542
