Vbar_TE=0.966154
Vbar_TM=0.847354
Vbar_avg=0.906754
