Vbar_TE=0.998945
Vbar_TM=0.872729
Vbar_avg=0.935837
