Vbar_TE=0.994831
Vbar_TM=0.900387
Vbar_avg=0.947609
