Vbar_TE=0.992806
Vbar_TM=0.893132
Vbar_avg=0.942969
