Vbar_TE=0.998490
Vbar_TM=0.895720
Vbar_avg=0.947105
