Vbar_TE=0.999803
Vbar_TM=0.768307
Vbar_avg=0.884055
