Vbar_TE=0.822625
Vbar_TM=0.912447
Vbar_avg=0.867536
