Vbar_TE=0.994761
Vbar_TM=0.960918
Vbar_avg=0.977840
