Vbar_TE=0.995406
Vbar_TM=0.988438
Vbar_avg=0.991922
