Vbar_TE=0.990595
Vbar_TM=0.881913
Vbar_avg=0.936254
