Vbar_TE=0.999675
Vbar_TM=0.993983
Vbar_avg=0.996829
